{
   "Elements" : [
      {
         "Name" : "Xsym",
         "NodalConnectivity" : [
            [ 0, 12, 2822, 416 ],
            [ 12, 13, 2820, 2822 ],
            [ 2822, 2820, 2675, 2821 ],
            [ 416, 2822, 2821, 417 ],
            [ 417, 2821, 2825, 418 ],
            [ 2821, 2675, 2823, 2825 ],
            [ 2825, 2823, 2676, 2824 ],
            [ 418, 2825, 2824, 419 ],
            [ 419, 2824, 2828, 420 ],
            [ 2824, 2676, 2826, 2828 ],
            [ 2828, 2826, 2677, 2827 ],
            [ 420, 2828, 2827, 421 ],
            [ 421, 2827, 2831, 422 ],
            [ 2827, 2677, 2829, 2831 ],
            [ 2831, 2829, 2678, 2830 ],
            [ 422, 2831, 2830, 423 ],
            [ 423, 2830, 2834, 424 ],
            [ 2830, 2678, 2832, 2834 ],
            [ 2834, 2832, 2679, 2833 ],
            [ 424, 2834, 2833, 425 ],
            [ 425, 2833, 2836, 426 ],
            [ 2833, 2679, 2835, 2836 ],
            [ 2836, 2835, 215, 214 ],
            [ 426, 2836, 214, 6 ],
            [ 13, 14, 2839, 2820 ],
            [ 14, 15, 2837, 2839 ],
            [ 2839, 2837, 2680, 2838 ],
            [ 2820, 2839, 2838, 2675 ],
            [ 2675, 2838, 2842, 2823 ],
            [ 2838, 2680, 2840, 2842 ],
            [ 2842, 2840, 2681, 2841 ],
            [ 2823, 2842, 2841, 2676 ],
            [ 2676, 2841, 2845, 2826 ],
            [ 2841, 2681, 2843, 2845 ],
            [ 2845, 2843, 2682, 2844 ],
            [ 2826, 2845, 2844, 2677 ],
            [ 2677, 2844, 2848, 2829 ],
            [ 2844, 2682, 2846, 2848 ],
            [ 2848, 2846, 2683, 2847 ],
            [ 2829, 2848, 2847, 2678 ],
            [ 2678, 2847, 2851, 2832 ],
            [ 2847, 2683, 2849, 2851 ],
            [ 2851, 2849, 2684, 2850 ],
            [ 2832, 2851, 2850, 2679 ],
            [ 2679, 2850, 2853, 2835 ],
            [ 2850, 2684, 2852, 2853 ],
            [ 2853, 2852, 217, 216 ],
            [ 2835, 2853, 216, 215 ],
            [ 15, 16, 2856, 2837 ],
            [ 16, 17, 2854, 2856 ],
            [ 2856, 2854, 2685, 2855 ],
            [ 2837, 2856, 2855, 2680 ],
            [ 2680, 2855, 2859, 2840 ],
            [ 2855, 2685, 2857, 2859 ],
            [ 2859, 2857, 2686, 2858 ],
            [ 2840, 2859, 2858, 2681 ],
            [ 2681, 2858, 2862, 2843 ],
            [ 2858, 2686, 2860, 2862 ],
            [ 2862, 2860, 2687, 2861 ],
            [ 2843, 2862, 2861, 2682 ],
            [ 2682, 2861, 2865, 2846 ],
            [ 2861, 2687, 2863, 2865 ],
            [ 2865, 2863, 2688, 2864 ],
            [ 2846, 2865, 2864, 2683 ],
            [ 2683, 2864, 2868, 2849 ],
            [ 2864, 2688, 2866, 2868 ],
            [ 2868, 2866, 2689, 2867 ],
            [ 2849, 2868, 2867, 2684 ],
            [ 2684, 2867, 2870, 2852 ],
            [ 2867, 2689, 2869, 2870 ],
            [ 2870, 2869, 219, 218 ],
            [ 2852, 2870, 218, 217 ],
            [ 17, 18, 2873, 2854 ],
            [ 18, 19, 2871, 2873 ],
            [ 2873, 2871, 2690, 2872 ],
            [ 2854, 2873, 2872, 2685 ],
            [ 2685, 2872, 2876, 2857 ],
            [ 2872, 2690, 2874, 2876 ],
            [ 2876, 2874, 2691, 2875 ],
            [ 2857, 2876, 2875, 2686 ],
            [ 2686, 2875, 2879, 2860 ],
            [ 2875, 2691, 2877, 2879 ],
            [ 2879, 2877, 2692, 2878 ],
            [ 2860, 2879, 2878, 2687 ],
            [ 2687, 2878, 2882, 2863 ],
            [ 2878, 2692, 2880, 2882 ],
            [ 2882, 2880, 2693, 2881 ],
            [ 2863, 2882, 2881, 2688 ],
            [ 2688, 2881, 2885, 2866 ],
            [ 2881, 2693, 2883, 2885 ],
            [ 2885, 2883, 2694, 2884 ],
            [ 2866, 2885, 2884, 2689 ],
            [ 2689, 2884, 2887, 2869 ],
            [ 2884, 2694, 2886, 2887 ],
            [ 2887, 2886, 221, 220 ],
            [ 2869, 2887, 220, 219 ],
            [ 19, 20, 2890, 2871 ],
            [ 20, 21, 2888, 2890 ],
            [ 2890, 2888, 2695, 2889 ],
            [ 2871, 2890, 2889, 2690 ],
            [ 2690, 2889, 2893, 2874 ],
            [ 2889, 2695, 2891, 2893 ],
            [ 2893, 2891, 2696, 2892 ],
            [ 2874, 2893, 2892, 2691 ],
            [ 2691, 2892, 2896, 2877 ],
            [ 2892, 2696, 2894, 2896 ],
            [ 2896, 2894, 2697, 2895 ],
            [ 2877, 2896, 2895, 2692 ],
            [ 2692, 2895, 2899, 2880 ],
            [ 2895, 2697, 2897, 2899 ],
            [ 2899, 2897, 2698, 2898 ],
            [ 2880, 2899, 2898, 2693 ],
            [ 2693, 2898, 2902, 2883 ],
            [ 2898, 2698, 2900, 2902 ],
            [ 2902, 2900, 2699, 2901 ],
            [ 2883, 2902, 2901, 2694 ],
            [ 2694, 2901, 2904, 2886 ],
            [ 2901, 2699, 2903, 2904 ],
            [ 2904, 2903, 223, 222 ],
            [ 2886, 2904, 222, 221 ],
            [ 21, 22, 2907, 2888 ],
            [ 22, 23, 2905, 2907 ],
            [ 2907, 2905, 2700, 2906 ],
            [ 2888, 2907, 2906, 2695 ],
            [ 2695, 2906, 2910, 2891 ],
            [ 2906, 2700, 2908, 2910 ],
            [ 2910, 2908, 2701, 2909 ],
            [ 2891, 2910, 2909, 2696 ],
            [ 2696, 2909, 2913, 2894 ],
            [ 2909, 2701, 2911, 2913 ],
            [ 2913, 2911, 2702, 2912 ],
            [ 2894, 2913, 2912, 2697 ],
            [ 2697, 2912, 2916, 2897 ],
            [ 2912, 2702, 2914, 2916 ],
            [ 2916, 2914, 2703, 2915 ],
            [ 2897, 2916, 2915, 2698 ],
            [ 2698, 2915, 2919, 2900 ],
            [ 2915, 2703, 2917, 2919 ],
            [ 2919, 2917, 2704, 2918 ],
            [ 2900, 2919, 2918, 2699 ],
            [ 2699, 2918, 2921, 2903 ],
            [ 2918, 2704, 2920, 2921 ],
            [ 2921, 2920, 225, 224 ],
            [ 2903, 2921, 224, 223 ],
            [ 23, 24, 2924, 2905 ],
            [ 24, 25, 2922, 2924 ],
            [ 2924, 2922, 2705, 2923 ],
            [ 2905, 2924, 2923, 2700 ],
            [ 2700, 2923, 2927, 2908 ],
            [ 2923, 2705, 2925, 2927 ],
            [ 2927, 2925, 2706, 2926 ],
            [ 2908, 2927, 2926, 2701 ],
            [ 2701, 2926, 2930, 2911 ],
            [ 2926, 2706, 2928, 2930 ],
            [ 2930, 2928, 2707, 2929 ],
            [ 2911, 2930, 2929, 2702 ],
            [ 2702, 2929, 2933, 2914 ],
            [ 2929, 2707, 2931, 2933 ],
            [ 2933, 2931, 2708, 2932 ],
            [ 2914, 2933, 2932, 2703 ],
            [ 2703, 2932, 2936, 2917 ],
            [ 2932, 2708, 2934, 2936 ],
            [ 2936, 2934, 2709, 2935 ],
            [ 2917, 2936, 2935, 2704 ],
            [ 2704, 2935, 2938, 2920 ],
            [ 2935, 2709, 2937, 2938 ],
            [ 2938, 2937, 227, 226 ],
            [ 2920, 2938, 226, 225 ],
            [ 25, 26, 2941, 2922 ],
            [ 26, 27, 2939, 2941 ],
            [ 2941, 2939, 2710, 2940 ],
            [ 2922, 2941, 2940, 2705 ],
            [ 2705, 2940, 2944, 2925 ],
            [ 2940, 2710, 2942, 2944 ],
            [ 2944, 2942, 2711, 2943 ],
            [ 2925, 2944, 2943, 2706 ],
            [ 2706, 2943, 2947, 2928 ],
            [ 2943, 2711, 2945, 2947 ],
            [ 2947, 2945, 2712, 2946 ],
            [ 2928, 2947, 2946, 2707 ],
            [ 2707, 2946, 2950, 2931 ],
            [ 2946, 2712, 2948, 2950 ],
            [ 2950, 2948, 2713, 2949 ],
            [ 2931, 2950, 2949, 2708 ],
            [ 2708, 2949, 2953, 2934 ],
            [ 2949, 2713, 2951, 2953 ],
            [ 2953, 2951, 2714, 2952 ],
            [ 2934, 2953, 2952, 2709 ],
            [ 2709, 2952, 2955, 2937 ],
            [ 2952, 2714, 2954, 2955 ],
            [ 2955, 2954, 229, 228 ],
            [ 2937, 2955, 228, 227 ],
            [ 27, 28, 2958, 2939 ],
            [ 28, 29, 2956, 2958 ],
            [ 2958, 2956, 2715, 2957 ],
            [ 2939, 2958, 2957, 2710 ],
            [ 2710, 2957, 2961, 2942 ],
            [ 2957, 2715, 2959, 2961 ],
            [ 2961, 2959, 2716, 2960 ],
            [ 2942, 2961, 2960, 2711 ],
            [ 2711, 2960, 2964, 2945 ],
            [ 2960, 2716, 2962, 2964 ],
            [ 2964, 2962, 2717, 2963 ],
            [ 2945, 2964, 2963, 2712 ],
            [ 2712, 2963, 2967, 2948 ],
            [ 2963, 2717, 2965, 2967 ],
            [ 2967, 2965, 2718, 2966 ],
            [ 2948, 2967, 2966, 2713 ],
            [ 2713, 2966, 2970, 2951 ],
            [ 2966, 2718, 2968, 2970 ],
            [ 2970, 2968, 2719, 2969 ],
            [ 2951, 2970, 2969, 2714 ],
            [ 2714, 2969, 2972, 2954 ],
            [ 2969, 2719, 2971, 2972 ],
            [ 2972, 2971, 231, 230 ],
            [ 2954, 2972, 230, 229 ],
            [ 29, 30, 2975, 2956 ],
            [ 30, 31, 2973, 2975 ],
            [ 2975, 2973, 2720, 2974 ],
            [ 2956, 2975, 2974, 2715 ],
            [ 2715, 2974, 2978, 2959 ],
            [ 2974, 2720, 2976, 2978 ],
            [ 2978, 2976, 2721, 2977 ],
            [ 2959, 2978, 2977, 2716 ],
            [ 2716, 2977, 2981, 2962 ],
            [ 2977, 2721, 2979, 2981 ],
            [ 2981, 2979, 2722, 2980 ],
            [ 2962, 2981, 2980, 2717 ],
            [ 2717, 2980, 2984, 2965 ],
            [ 2980, 2722, 2982, 2984 ],
            [ 2984, 2982, 2723, 2983 ],
            [ 2965, 2984, 2983, 2718 ],
            [ 2718, 2983, 2987, 2968 ],
            [ 2983, 2723, 2985, 2987 ],
            [ 2987, 2985, 2724, 2986 ],
            [ 2968, 2987, 2986, 2719 ],
            [ 2719, 2986, 2989, 2971 ],
            [ 2986, 2724, 2988, 2989 ],
            [ 2989, 2988, 233, 232 ],
            [ 2971, 2989, 232, 231 ],
            [ 31, 32, 2992, 2973 ],
            [ 32, 33, 2990, 2992 ],
            [ 2992, 2990, 2725, 2991 ],
            [ 2973, 2992, 2991, 2720 ],
            [ 2720, 2991, 2995, 2976 ],
            [ 2991, 2725, 2993, 2995 ],
            [ 2995, 2993, 2726, 2994 ],
            [ 2976, 2995, 2994, 2721 ],
            [ 2721, 2994, 2998, 2979 ],
            [ 2994, 2726, 2996, 2998 ],
            [ 2998, 2996, 2727, 2997 ],
            [ 2979, 2998, 2997, 2722 ],
            [ 2722, 2997, 3001, 2982 ],
            [ 2997, 2727, 2999, 3001 ],
            [ 3001, 2999, 2728, 3000 ],
            [ 2982, 3001, 3000, 2723 ],
            [ 2723, 3000, 3004, 2985 ],
            [ 3000, 2728, 3002, 3004 ],
            [ 3004, 3002, 2729, 3003 ],
            [ 2985, 3004, 3003, 2724 ],
            [ 2724, 3003, 3006, 2988 ],
            [ 3003, 2729, 3005, 3006 ],
            [ 3006, 3005, 235, 234 ],
            [ 2988, 3006, 234, 233 ],
            [ 33, 34, 3009, 2990 ],
            [ 34, 35, 3007, 3009 ],
            [ 3009, 3007, 2730, 3008 ],
            [ 2990, 3009, 3008, 2725 ],
            [ 2725, 3008, 3012, 2993 ],
            [ 3008, 2730, 3010, 3012 ],
            [ 3012, 3010, 2731, 3011 ],
            [ 2993, 3012, 3011, 2726 ],
            [ 2726, 3011, 3015, 2996 ],
            [ 3011, 2731, 3013, 3015 ],
            [ 3015, 3013, 2732, 3014 ],
            [ 2996, 3015, 3014, 2727 ],
            [ 2727, 3014, 3018, 2999 ],
            [ 3014, 2732, 3016, 3018 ],
            [ 3018, 3016, 2733, 3017 ],
            [ 2999, 3018, 3017, 2728 ],
            [ 2728, 3017, 3021, 3002 ],
            [ 3017, 2733, 3019, 3021 ],
            [ 3021, 3019, 2734, 3020 ],
            [ 3002, 3021, 3020, 2729 ],
            [ 2729, 3020, 3023, 3005 ],
            [ 3020, 2734, 3022, 3023 ],
            [ 3023, 3022, 237, 236 ],
            [ 3005, 3023, 236, 235 ],
            [ 35, 36, 3026, 3007 ],
            [ 36, 37, 3024, 3026 ],
            [ 3026, 3024, 2735, 3025 ],
            [ 3007, 3026, 3025, 2730 ],
            [ 2730, 3025, 3029, 3010 ],
            [ 3025, 2735, 3027, 3029 ],
            [ 3029, 3027, 2736, 3028 ],
            [ 3010, 3029, 3028, 2731 ],
            [ 2731, 3028, 3032, 3013 ],
            [ 3028, 2736, 3030, 3032 ],
            [ 3032, 3030, 2737, 3031 ],
            [ 3013, 3032, 3031, 2732 ],
            [ 2732, 3031, 3035, 3016 ],
            [ 3031, 2737, 3033, 3035 ],
            [ 3035, 3033, 2738, 3034 ],
            [ 3016, 3035, 3034, 2733 ],
            [ 2733, 3034, 3038, 3019 ],
            [ 3034, 2738, 3036, 3038 ],
            [ 3038, 3036, 2739, 3037 ],
            [ 3019, 3038, 3037, 2734 ],
            [ 2734, 3037, 3040, 3022 ],
            [ 3037, 2739, 3039, 3040 ],
            [ 3040, 3039, 239, 238 ],
            [ 3022, 3040, 238, 237 ],
            [ 37, 38, 3043, 3024 ],
            [ 38, 39, 3041, 3043 ],
            [ 3043, 3041, 2740, 3042 ],
            [ 3024, 3043, 3042, 2735 ],
            [ 2735, 3042, 3046, 3027 ],
            [ 3042, 2740, 3044, 3046 ],
            [ 3046, 3044, 2741, 3045 ],
            [ 3027, 3046, 3045, 2736 ],
            [ 2736, 3045, 3049, 3030 ],
            [ 3045, 2741, 3047, 3049 ],
            [ 3049, 3047, 2742, 3048 ],
            [ 3030, 3049, 3048, 2737 ],
            [ 2737, 3048, 3052, 3033 ],
            [ 3048, 2742, 3050, 3052 ],
            [ 3052, 3050, 2743, 3051 ],
            [ 3033, 3052, 3051, 2738 ],
            [ 2738, 3051, 3055, 3036 ],
            [ 3051, 2743, 3053, 3055 ],
            [ 3055, 3053, 2744, 3054 ],
            [ 3036, 3055, 3054, 2739 ],
            [ 2739, 3054, 3057, 3039 ],
            [ 3054, 2744, 3056, 3057 ],
            [ 3057, 3056, 241, 240 ],
            [ 3039, 3057, 240, 239 ],
            [ 39, 40, 3060, 3041 ],
            [ 40, 41, 3058, 3060 ],
            [ 3060, 3058, 2745, 3059 ],
            [ 3041, 3060, 3059, 2740 ],
            [ 2740, 3059, 3063, 3044 ],
            [ 3059, 2745, 3061, 3063 ],
            [ 3063, 3061, 2746, 3062 ],
            [ 3044, 3063, 3062, 2741 ],
            [ 2741, 3062, 3066, 3047 ],
            [ 3062, 2746, 3064, 3066 ],
            [ 3066, 3064, 2747, 3065 ],
            [ 3047, 3066, 3065, 2742 ],
            [ 2742, 3065, 3069, 3050 ],
            [ 3065, 2747, 3067, 3069 ],
            [ 3069, 3067, 2748, 3068 ],
            [ 3050, 3069, 3068, 2743 ],
            [ 2743, 3068, 3072, 3053 ],
            [ 3068, 2748, 3070, 3072 ],
            [ 3072, 3070, 2749, 3071 ],
            [ 3053, 3072, 3071, 2744 ],
            [ 2744, 3071, 3074, 3056 ],
            [ 3071, 2749, 3073, 3074 ],
            [ 3074, 3073, 243, 242 ],
            [ 3056, 3074, 242, 241 ],
            [ 41, 42, 3077, 3058 ],
            [ 42, 43, 3075, 3077 ],
            [ 3077, 3075, 2750, 3076 ],
            [ 3058, 3077, 3076, 2745 ],
            [ 2745, 3076, 3080, 3061 ],
            [ 3076, 2750, 3078, 3080 ],
            [ 3080, 3078, 2751, 3079 ],
            [ 3061, 3080, 3079, 2746 ],
            [ 2746, 3079, 3083, 3064 ],
            [ 3079, 2751, 3081, 3083 ],
            [ 3083, 3081, 2752, 3082 ],
            [ 3064, 3083, 3082, 2747 ],
            [ 2747, 3082, 3086, 3067 ],
            [ 3082, 2752, 3084, 3086 ],
            [ 3086, 3084, 2753, 3085 ],
            [ 3067, 3086, 3085, 2748 ],
            [ 2748, 3085, 3089, 3070 ],
            [ 3085, 2753, 3087, 3089 ],
            [ 3089, 3087, 2754, 3088 ],
            [ 3070, 3089, 3088, 2749 ],
            [ 2749, 3088, 3091, 3073 ],
            [ 3088, 2754, 3090, 3091 ],
            [ 3091, 3090, 245, 244 ],
            [ 3073, 3091, 244, 243 ],
            [ 43, 44, 3094, 3075 ],
            [ 44, 45, 3092, 3094 ],
            [ 3094, 3092, 2755, 3093 ],
            [ 3075, 3094, 3093, 2750 ],
            [ 2750, 3093, 3097, 3078 ],
            [ 3093, 2755, 3095, 3097 ],
            [ 3097, 3095, 2756, 3096 ],
            [ 3078, 3097, 3096, 2751 ],
            [ 2751, 3096, 3100, 3081 ],
            [ 3096, 2756, 3098, 3100 ],
            [ 3100, 3098, 2757, 3099 ],
            [ 3081, 3100, 3099, 2752 ],
            [ 2752, 3099, 3103, 3084 ],
            [ 3099, 2757, 3101, 3103 ],
            [ 3103, 3101, 2758, 3102 ],
            [ 3084, 3103, 3102, 2753 ],
            [ 2753, 3102, 3106, 3087 ],
            [ 3102, 2758, 3104, 3106 ],
            [ 3106, 3104, 2759, 3105 ],
            [ 3087, 3106, 3105, 2754 ],
            [ 2754, 3105, 3108, 3090 ],
            [ 3105, 2759, 3107, 3108 ],
            [ 3108, 3107, 247, 246 ],
            [ 3090, 3108, 246, 245 ],
            [ 45, 46, 3111, 3092 ],
            [ 46, 47, 3109, 3111 ],
            [ 3111, 3109, 2760, 3110 ],
            [ 3092, 3111, 3110, 2755 ],
            [ 2755, 3110, 3114, 3095 ],
            [ 3110, 2760, 3112, 3114 ],
            [ 3114, 3112, 2761, 3113 ],
            [ 3095, 3114, 3113, 2756 ],
            [ 2756, 3113, 3117, 3098 ],
            [ 3113, 2761, 3115, 3117 ],
            [ 3117, 3115, 2762, 3116 ],
            [ 3098, 3117, 3116, 2757 ],
            [ 2757, 3116, 3120, 3101 ],
            [ 3116, 2762, 3118, 3120 ],
            [ 3120, 3118, 2763, 3119 ],
            [ 3101, 3120, 3119, 2758 ],
            [ 2758, 3119, 3123, 3104 ],
            [ 3119, 2763, 3121, 3123 ],
            [ 3123, 3121, 2764, 3122 ],
            [ 3104, 3123, 3122, 2759 ],
            [ 2759, 3122, 3125, 3107 ],
            [ 3122, 2764, 3124, 3125 ],
            [ 3125, 3124, 249, 248 ],
            [ 3107, 3125, 248, 247 ],
            [ 47, 48, 3128, 3109 ],
            [ 48, 49, 3126, 3128 ],
            [ 3128, 3126, 2765, 3127 ],
            [ 3109, 3128, 3127, 2760 ],
            [ 2760, 3127, 3131, 3112 ],
            [ 3127, 2765, 3129, 3131 ],
            [ 3131, 3129, 2766, 3130 ],
            [ 3112, 3131, 3130, 2761 ],
            [ 2761, 3130, 3134, 3115 ],
            [ 3130, 2766, 3132, 3134 ],
            [ 3134, 3132, 2767, 3133 ],
            [ 3115, 3134, 3133, 2762 ],
            [ 2762, 3133, 3137, 3118 ],
            [ 3133, 2767, 3135, 3137 ],
            [ 3137, 3135, 2768, 3136 ],
            [ 3118, 3137, 3136, 2763 ],
            [ 2763, 3136, 3140, 3121 ],
            [ 3136, 2768, 3138, 3140 ],
            [ 3140, 3138, 2769, 3139 ],
            [ 3121, 3140, 3139, 2764 ],
            [ 2764, 3139, 3142, 3124 ],
            [ 3139, 2769, 3141, 3142 ],
            [ 3142, 3141, 251, 250 ],
            [ 3124, 3142, 250, 249 ],
            [ 49, 50, 3145, 3126 ],
            [ 50, 51, 3143, 3145 ],
            [ 3145, 3143, 2770, 3144 ],
            [ 3126, 3145, 3144, 2765 ],
            [ 2765, 3144, 3148, 3129 ],
            [ 3144, 2770, 3146, 3148 ],
            [ 3148, 3146, 2771, 3147 ],
            [ 3129, 3148, 3147, 2766 ],
            [ 2766, 3147, 3151, 3132 ],
            [ 3147, 2771, 3149, 3151 ],
            [ 3151, 3149, 2772, 3150 ],
            [ 3132, 3151, 3150, 2767 ],
            [ 2767, 3150, 3154, 3135 ],
            [ 3150, 2772, 3152, 3154 ],
            [ 3154, 3152, 2773, 3153 ],
            [ 3135, 3154, 3153, 2768 ],
            [ 2768, 3153, 3157, 3138 ],
            [ 3153, 2773, 3155, 3157 ],
            [ 3157, 3155, 2774, 3156 ],
            [ 3138, 3157, 3156, 2769 ],
            [ 2769, 3156, 3159, 3141 ],
            [ 3156, 2774, 3158, 3159 ],
            [ 3159, 3158, 253, 252 ],
            [ 3141, 3159, 252, 251 ],
            [ 51, 52, 3162, 3143 ],
            [ 52, 53, 3160, 3162 ],
            [ 3162, 3160, 2775, 3161 ],
            [ 3143, 3162, 3161, 2770 ],
            [ 2770, 3161, 3165, 3146 ],
            [ 3161, 2775, 3163, 3165 ],
            [ 3165, 3163, 2776, 3164 ],
            [ 3146, 3165, 3164, 2771 ],
            [ 2771, 3164, 3168, 3149 ],
            [ 3164, 2776, 3166, 3168 ],
            [ 3168, 3166, 2777, 3167 ],
            [ 3149, 3168, 3167, 2772 ],
            [ 2772, 3167, 3171, 3152 ],
            [ 3167, 2777, 3169, 3171 ],
            [ 3171, 3169, 2778, 3170 ],
            [ 3152, 3171, 3170, 2773 ],
            [ 2773, 3170, 3174, 3155 ],
            [ 3170, 2778, 3172, 3174 ],
            [ 3174, 3172, 2779, 3173 ],
            [ 3155, 3174, 3173, 2774 ],
            [ 2774, 3173, 3176, 3158 ],
            [ 3173, 2779, 3175, 3176 ],
            [ 3176, 3175, 255, 254 ],
            [ 3158, 3176, 254, 253 ],
            [ 53, 54, 3179, 3160 ],
            [ 54, 55, 3177, 3179 ],
            [ 3179, 3177, 2780, 3178 ],
            [ 3160, 3179, 3178, 2775 ],
            [ 2775, 3178, 3182, 3163 ],
            [ 3178, 2780, 3180, 3182 ],
            [ 3182, 3180, 2781, 3181 ],
            [ 3163, 3182, 3181, 2776 ],
            [ 2776, 3181, 3185, 3166 ],
            [ 3181, 2781, 3183, 3185 ],
            [ 3185, 3183, 2782, 3184 ],
            [ 3166, 3185, 3184, 2777 ],
            [ 2777, 3184, 3188, 3169 ],
            [ 3184, 2782, 3186, 3188 ],
            [ 3188, 3186, 2783, 3187 ],
            [ 3169, 3188, 3187, 2778 ],
            [ 2778, 3187, 3191, 3172 ],
            [ 3187, 2783, 3189, 3191 ],
            [ 3191, 3189, 2784, 3190 ],
            [ 3172, 3191, 3190, 2779 ],
            [ 2779, 3190, 3193, 3175 ],
            [ 3190, 2784, 3192, 3193 ],
            [ 3193, 3192, 257, 256 ],
            [ 3175, 3193, 256, 255 ],
            [ 55, 56, 3196, 3177 ],
            [ 56, 57, 3194, 3196 ],
            [ 3196, 3194, 2785, 3195 ],
            [ 3177, 3196, 3195, 2780 ],
            [ 2780, 3195, 3199, 3180 ],
            [ 3195, 2785, 3197, 3199 ],
            [ 3199, 3197, 2786, 3198 ],
            [ 3180, 3199, 3198, 2781 ],
            [ 2781, 3198, 3202, 3183 ],
            [ 3198, 2786, 3200, 3202 ],
            [ 3202, 3200, 2787, 3201 ],
            [ 3183, 3202, 3201, 2782 ],
            [ 2782, 3201, 3205, 3186 ],
            [ 3201, 2787, 3203, 3205 ],
            [ 3205, 3203, 2788, 3204 ],
            [ 3186, 3205, 3204, 2783 ],
            [ 2783, 3204, 3208, 3189 ],
            [ 3204, 2788, 3206, 3208 ],
            [ 3208, 3206, 2789, 3207 ],
            [ 3189, 3208, 3207, 2784 ],
            [ 2784, 3207, 3210, 3192 ],
            [ 3207, 2789, 3209, 3210 ],
            [ 3210, 3209, 259, 258 ],
            [ 3192, 3210, 258, 257 ],
            [ 57, 58, 3213, 3194 ],
            [ 58, 59, 3211, 3213 ],
            [ 3213, 3211, 2790, 3212 ],
            [ 3194, 3213, 3212, 2785 ],
            [ 2785, 3212, 3216, 3197 ],
            [ 3212, 2790, 3214, 3216 ],
            [ 3216, 3214, 2791, 3215 ],
            [ 3197, 3216, 3215, 2786 ],
            [ 2786, 3215, 3219, 3200 ],
            [ 3215, 2791, 3217, 3219 ],
            [ 3219, 3217, 2792, 3218 ],
            [ 3200, 3219, 3218, 2787 ],
            [ 2787, 3218, 3222, 3203 ],
            [ 3218, 2792, 3220, 3222 ],
            [ 3222, 3220, 2793, 3221 ],
            [ 3203, 3222, 3221, 2788 ],
            [ 2788, 3221, 3225, 3206 ],
            [ 3221, 2793, 3223, 3225 ],
            [ 3225, 3223, 2794, 3224 ],
            [ 3206, 3225, 3224, 2789 ],
            [ 2789, 3224, 3227, 3209 ],
            [ 3224, 2794, 3226, 3227 ],
            [ 3227, 3226, 261, 260 ],
            [ 3209, 3227, 260, 259 ],
            [ 59, 60, 3230, 3211 ],
            [ 60, 61, 3228, 3230 ],
            [ 3230, 3228, 2795, 3229 ],
            [ 3211, 3230, 3229, 2790 ],
            [ 2790, 3229, 3233, 3214 ],
            [ 3229, 2795, 3231, 3233 ],
            [ 3233, 3231, 2796, 3232 ],
            [ 3214, 3233, 3232, 2791 ],
            [ 2791, 3232, 3236, 3217 ],
            [ 3232, 2796, 3234, 3236 ],
            [ 3236, 3234, 2797, 3235 ],
            [ 3217, 3236, 3235, 2792 ],
            [ 2792, 3235, 3239, 3220 ],
            [ 3235, 2797, 3237, 3239 ],
            [ 3239, 3237, 2798, 3238 ],
            [ 3220, 3239, 3238, 2793 ],
            [ 2793, 3238, 3242, 3223 ],
            [ 3238, 2798, 3240, 3242 ],
            [ 3242, 3240, 2799, 3241 ],
            [ 3223, 3242, 3241, 2794 ],
            [ 2794, 3241, 3244, 3226 ],
            [ 3241, 2799, 3243, 3244 ],
            [ 3244, 3243, 263, 262 ],
            [ 3226, 3244, 262, 261 ],
            [ 61, 62, 3247, 3228 ],
            [ 62, 63, 3245, 3247 ],
            [ 3247, 3245, 2800, 3246 ],
            [ 3228, 3247, 3246, 2795 ],
            [ 2795, 3246, 3250, 3231 ],
            [ 3246, 2800, 3248, 3250 ],
            [ 3250, 3248, 2801, 3249 ],
            [ 3231, 3250, 3249, 2796 ],
            [ 2796, 3249, 3253, 3234 ],
            [ 3249, 2801, 3251, 3253 ],
            [ 3253, 3251, 2802, 3252 ],
            [ 3234, 3253, 3252, 2797 ],
            [ 2797, 3252, 3256, 3237 ],
            [ 3252, 2802, 3254, 3256 ],
            [ 3256, 3254, 2803, 3255 ],
            [ 3237, 3256, 3255, 2798 ],
            [ 2798, 3255, 3259, 3240 ],
            [ 3255, 2803, 3257, 3259 ],
            [ 3259, 3257, 2804, 3258 ],
            [ 3240, 3259, 3258, 2799 ],
            [ 2799, 3258, 3261, 3243 ],
            [ 3258, 2804, 3260, 3261 ],
            [ 3261, 3260, 265, 264 ],
            [ 3243, 3261, 264, 263 ],
            [ 63, 64, 3264, 3245 ],
            [ 64, 65, 3262, 3264 ],
            [ 3264, 3262, 2805, 3263 ],
            [ 3245, 3264, 3263, 2800 ],
            [ 2800, 3263, 3267, 3248 ],
            [ 3263, 2805, 3265, 3267 ],
            [ 3267, 3265, 2806, 3266 ],
            [ 3248, 3267, 3266, 2801 ],
            [ 2801, 3266, 3270, 3251 ],
            [ 3266, 2806, 3268, 3270 ],
            [ 3270, 3268, 2807, 3269 ],
            [ 3251, 3270, 3269, 2802 ],
            [ 2802, 3269, 3273, 3254 ],
            [ 3269, 2807, 3271, 3273 ],
            [ 3273, 3271, 2808, 3272 ],
            [ 3254, 3273, 3272, 2803 ],
            [ 2803, 3272, 3276, 3257 ],
            [ 3272, 2808, 3274, 3276 ],
            [ 3276, 3274, 2809, 3275 ],
            [ 3257, 3276, 3275, 2804 ],
            [ 2804, 3275, 3278, 3260 ],
            [ 3275, 2809, 3277, 3278 ],
            [ 3278, 3277, 267, 266 ],
            [ 3260, 3278, 266, 265 ],
            [ 65, 66, 3281, 3262 ],
            [ 66, 67, 3279, 3281 ],
            [ 3281, 3279, 2810, 3280 ],
            [ 3262, 3281, 3280, 2805 ],
            [ 2805, 3280, 3284, 3265 ],
            [ 3280, 2810, 3282, 3284 ],
            [ 3284, 3282, 2811, 3283 ],
            [ 3265, 3284, 3283, 2806 ],
            [ 2806, 3283, 3287, 3268 ],
            [ 3283, 2811, 3285, 3287 ],
            [ 3287, 3285, 2812, 3286 ],
            [ 3268, 3287, 3286, 2807 ],
            [ 2807, 3286, 3290, 3271 ],
            [ 3286, 2812, 3288, 3290 ],
            [ 3290, 3288, 2813, 3289 ],
            [ 3271, 3290, 3289, 2808 ],
            [ 2808, 3289, 3293, 3274 ],
            [ 3289, 2813, 3291, 3293 ],
            [ 3293, 3291, 2814, 3292 ],
            [ 3274, 3293, 3292, 2809 ],
            [ 2809, 3292, 3295, 3277 ],
            [ 3292, 2814, 3294, 3295 ],
            [ 3295, 3294, 269, 268 ],
            [ 3277, 3295, 268, 267 ],
            [ 67, 68, 3298, 3279 ],
            [ 68, 69, 3296, 3298 ],
            [ 3298, 3296, 2815, 3297 ],
            [ 3279, 3298, 3297, 2810 ],
            [ 2810, 3297, 3301, 3282 ],
            [ 3297, 2815, 3299, 3301 ],
            [ 3301, 3299, 2816, 3300 ],
            [ 3282, 3301, 3300, 2811 ],
            [ 2811, 3300, 3304, 3285 ],
            [ 3300, 2816, 3302, 3304 ],
            [ 3304, 3302, 2817, 3303 ],
            [ 3285, 3304, 3303, 2812 ],
            [ 2812, 3303, 3307, 3288 ],
            [ 3303, 2817, 3305, 3307 ],
            [ 3307, 3305, 2818, 3306 ],
            [ 3288, 3307, 3306, 2813 ],
            [ 2813, 3306, 3310, 3291 ],
            [ 3306, 2818, 3308, 3310 ],
            [ 3310, 3308, 2819, 3309 ],
            [ 3291, 3310, 3309, 2814 ],
            [ 2814, 3309, 3312, 3294 ],
            [ 3309, 2819, 3311, 3312 ],
            [ 3312, 3311, 271, 270 ],
            [ 3294, 3312, 270, 269 ],
            [ 69, 70, 3314, 3296 ],
            [ 70, 1, 427, 3314 ],
            [ 3314, 427, 428, 3313 ],
            [ 3296, 3314, 3313, 2815 ],
            [ 2815, 3313, 3316, 3299 ],
            [ 3313, 428, 429, 3316 ],
            [ 3316, 429, 430, 3315 ],
            [ 3299, 3316, 3315, 2816 ],
            [ 2816, 3315, 3318, 3302 ],
            [ 3315, 430, 431, 3318 ],
            [ 3318, 431, 432, 3317 ],
            [ 3302, 3318, 3317, 2817 ],
            [ 2817, 3317, 3320, 3305 ],
            [ 3317, 432, 433, 3320 ],
            [ 3320, 433, 434, 3319 ],
            [ 3305, 3320, 3319, 2818 ],
            [ 2818, 3319, 3322, 3308 ],
            [ 3319, 434, 435, 3322 ],
            [ 3322, 435, 436, 3321 ],
            [ 3308, 3322, 3321, 2819 ],
            [ 2819, 3321, 3323, 3311 ],
            [ 3321, 436, 437, 3323 ],
            [ 3323, 437, 7, 272 ],
            [ 3311, 3323, 272, 271 ]
         ],
         "Type" : 3
      },
      {
         "Name" : "Ysym",
         "NodalConnectivity" : [
            [ 527, 1039, 1042, 1041 ],
            [ 1039, 92, 93, 1042 ],
            [ 1042, 93, 94, 1040 ],
            [ 1041, 1042, 1040, 526 ],
            [ 526, 1040, 1045, 1044 ],
            [ 1040, 94, 95, 1045 ],
            [ 1045, 95, 96, 1043 ],
            [ 1044, 1045, 1043, 487 ],
            [ 186, 187, 1049, 1048 ],
            [ 187, 188, 1046, 1049 ],
            [ 1049, 1046, 497, 1047 ],
            [ 1048, 1049, 1047, 530 ],
            [ 25, 1050, 1053, 24 ],
            [ 1050, 513, 1051, 1053 ],
            [ 1053, 1051, 490, 1052 ],
            [ 24, 1053, 1052, 23 ],
            [ 521, 1054, 1057, 1056 ],
            [ 1054, 479, 1055, 1057 ],
            [ 1057, 1055, 31, 32 ],
            [ 1056, 1057, 32, 33 ],
            [ 502, 1058, 1061, 1060 ],
            [ 1058, 143, 144, 1061 ],
            [ 1061, 144, 145, 1059 ],
            [ 1060, 1061, 1059, 522 ],
            [ 529, 1062, 1065, 1064 ],
            [ 1062, 100, 101, 1065 ],
            [ 1065, 101, 102, 1063 ],
            [ 1064, 1065, 1063, 499 ],
            [ 125, 1066, 1069, 124 ],
            [ 1066, 524, 1067, 1069 ],
            [ 1069, 1067, 500, 1068 ],
            [ 124, 1069, 1068, 123 ],
            [ 129, 130, 1073, 1072 ],
            [ 130, 131, 1070, 1073 ],
            [ 1073, 1070, 525, 1071 ],
            [ 1072, 1073, 1071, 478 ],
            [ 176, 177, 1077, 1076 ],
            [ 177, 178, 1074, 1077 ],
            [ 1077, 1074, 504, 1075 ],
            [ 1076, 1077, 1075, 506 ],
            [ 514, 1078, 1080, 1079 ],
            [ 1078, 513, 1050, 1080 ],
            [ 1080, 1050, 25, 26 ],
            [ 1079, 1080, 26, 27 ],
            [ 518, 1081, 1084, 1083 ],
            [ 1081, 516, 1082, 1084 ],
            [ 1084, 1082, 113, 114 ],
            [ 1083, 1084, 114, 115 ],
            [ 516, 1085, 1087, 1082 ],
            [ 1085, 494, 1086, 1087 ],
            [ 1087, 1086, 111, 112 ],
            [ 1082, 1087, 112, 113 ],
            [ 19, 1088, 1091, 18 ],
            [ 1088, 512, 1089, 1091 ],
            [ 1091, 1089, 493, 1090 ],
            [ 18, 1091, 1090, 17 ],
            [ 76, 77, 1095, 1094 ],
            [ 77, 78, 1092, 1095 ],
            [ 1095, 1092, 496, 1093 ],
            [ 1094, 1095, 1093, 510 ],
            [ 528, 1096, 1099, 1098 ],
            [ 1096, 86, 87, 1099 ],
            [ 1099, 87, 88, 1097 ],
            [ 1098, 1099, 1097, 483 ],
            [ 74, 75, 1102, 1101 ],
            [ 75, 76, 1094, 1102 ],
            [ 1102, 1094, 510, 1100 ],
            [ 1101, 1102, 1100, 511 ],
            [ 517, 1103, 1106, 1105 ],
            [ 1103, 481, 1104, 1106 ],
            [ 1106, 1104, 53, 54 ],
            [ 1105, 1106, 54, 55 ],
            [ 624, 1107, 1111, 1110 ],
            [ 1107, 525, 1108, 1111 ],
            [ 1111, 1108, 569, 1109 ],
            [ 1110, 1111, 1109, 667 ],
            [ 522, 1112, 1115, 1060 ],
            [ 1112, 537, 1113, 1115 ],
            [ 1115, 1113, 623, 1114 ],
            [ 1060, 1115, 1114, 502 ],
            [ 141, 1116, 1119, 140 ],
            [ 1116, 571, 1117, 1119 ],
            [ 1119, 1117, 477, 1118 ],
            [ 140, 1119, 1118, 139 ],
            [ 523, 1120, 1123, 1122 ],
            [ 1120, 569, 1121, 1123 ],
            [ 1123, 1121, 133, 134 ],
            [ 1122, 1123, 134, 135 ],
            [ 477, 1124, 1126, 1118 ],
            [ 1124, 570, 1125, 1126 ],
            [ 1126, 1125, 137, 138 ],
            [ 1118, 1126, 138, 139 ],
            [ 147, 148, 1130, 1129 ],
            [ 148, 149, 1127, 1130 ],
            [ 1130, 1127, 476, 1128 ],
            [ 1129, 1130, 1128, 572 ],
            [ 481, 1131, 1133, 1104 ],
            [ 1131, 562, 1132, 1133 ],
            [ 1133, 1132, 51, 52 ],
            [ 1104, 1133, 52, 53 ],
            [ 47, 1134, 1137, 46 ],
            [ 1134, 563, 1135, 1137 ],
            [ 1137, 1135, 501, 1136 ],
            [ 46, 1137, 1136, 45 ],
            [ 480, 1138, 1141, 1140 ],
            [ 1138, 565, 1139, 1141 ],
            [ 1141, 1139, 39, 40 ],
            [ 1140, 1141, 40, 41 ],
            [ 43, 1142, 1144, 42 ],
            [ 1142, 564, 1143, 1144 ],
            [ 1144, 1143, 480, 1140 ],
            [ 42, 1144, 1140, 41 ],
            [ 519, 1145, 1148, 1147 ],
            [ 1145, 566, 1146, 1148 ],
            [ 1148, 1146, 35, 36 ],
            [ 1147, 1148, 36, 37 ],
            [ 667, 1149, 1152, 1110 ],
            [ 1149, 756, 1150, 1152 ],
            [ 1152, 1150, 683, 1151 ],
            [ 1110, 1152, 1151, 624 ],
            [ 684, 1153, 1157, 1156 ],
            [ 1153, 602, 1154, 1157 ],
            [ 1157, 1154, 668, 1155 ],
            [ 1156, 1157, 1155, 759 ],
            [ 476, 1158, 1161, 1128 ],
            [ 1158, 625, 1159, 1161 ],
            [ 1161, 1159, 626, 1160 ],
            [ 1128, 1161, 1160, 572 ],
            [ 478, 1162, 1164, 1072 ],
            [ 1162, 568, 1163, 1164 ],
            [ 1164, 1163, 127, 128 ],
            [ 1072, 1164, 128, 129 ],
            [ 667, 1109, 1167, 1166 ],
            [ 1109, 569, 1120, 1167 ],
            [ 1167, 1120, 523, 1165 ],
            [ 1166, 1167, 1165, 585 ],
            [ 623, 1113, 1171, 1170 ],
            [ 1113, 537, 1168, 1171 ],
            [ 1171, 1168, 637, 1169 ],
            [ 1170, 1171, 1169, 714 ],
            [ 669, 1172, 1175, 1174 ],
            [ 1172, 624, 1151, 1175 ],
            [ 1175, 1151, 683, 1173 ],
            [ 1174, 1175, 1173, 757 ],
            [ 683, 1150, 1179, 1178 ],
            [ 1150, 756, 1176, 1179 ],
            [ 1179, 1176, 836, 1177 ],
            [ 1178, 1179, 1177, 768 ],
            [ 133, 1121, 1180, 132 ],
            [ 1121, 569, 1108, 1180 ],
            [ 1180, 1108, 525, 1070 ],
            [ 132, 1180, 1070, 131 ],
            [ 137, 1125, 1182, 136 ],
            [ 1125, 570, 1181, 1182 ],
            [ 1182, 1181, 523, 1122 ],
            [ 136, 1182, 1122, 135 ],
            [ 502, 1183, 1184, 1058 ],
            [ 1183, 571, 1116, 1184 ],
            [ 1184, 1116, 141, 142 ],
            [ 1058, 1184, 142, 143 ],
            [ 522, 1059, 1186, 1185 ],
            [ 1059, 145, 146, 1186 ],
            [ 1186, 146, 147, 1129 ],
            [ 1185, 1186, 1129, 572 ],
            [ 562, 1187, 1189, 1132 ],
            [ 1187, 520, 1188, 1189 ],
            [ 1189, 1188, 49, 50 ],
            [ 1132, 1189, 50, 51 ],
            [ 49, 1188, 1191, 48 ],
            [ 1188, 520, 1190, 1191 ],
            [ 1191, 1190, 563, 1134 ],
            [ 48, 1191, 1134, 47 ],
            [ 45, 1136, 1193, 44 ],
            [ 1136, 501, 1192, 1193 ],
            [ 1193, 1192, 564, 1142 ],
            [ 44, 1193, 1142, 43 ],
            [ 565, 1194, 1195, 1139 ],
            [ 1194, 519, 1147, 1195 ],
            [ 1195, 1147, 37, 38 ],
            [ 1139, 1195, 38, 39 ],
            [ 566, 1196, 1197, 1146 ],
            [ 1196, 521, 1056, 1197 ],
            [ 1197, 1056, 33, 34 ],
            [ 1146, 1197, 34, 35 ],
            [ 807, 1198, 1202, 1201 ],
            [ 1198, 867, 1199, 1202 ],
            [ 1202, 1199, 790, 1200 ],
            [ 1201, 1202, 1200, 731 ],
            [ 901, 1203, 1207, 1206 ],
            [ 1203, 843, 1204, 1207 ],
            [ 1207, 1204, 910, 1205 ],
            [ 1206, 1207, 1205, 952 ],
            [ 970, 1208, 1212, 1211 ],
            [ 1208, 948, 1209, 1212 ],
            [ 1212, 1209, 913, 1210 ],
            [ 1211, 1212, 1210, 982 ],
            [ 716, 1213, 1216, 1215 ],
            [ 1213, 622, 1214, 1216 ],
            [ 1216, 1214, 669, 1174 ],
            [ 1215, 1216, 1174, 757 ],
            [ 121, 1217, 1220, 120 ],
            [ 1217, 561, 1218, 1220 ],
            [ 1220, 1218, 485, 1219 ],
            [ 120, 1220, 1219, 119 ],
            [ 151, 1221, 1223, 150 ],
            [ 1221, 567, 1222, 1223 ],
            [ 1223, 1222, 476, 1127 ],
            [ 150, 1223, 1127, 149 ],
            [ 486, 1224, 1227, 1226 ],
            [ 1224, 560, 1225, 1227 ],
            [ 1227, 1225, 57, 58 ],
            [ 1226, 1227, 58, 59 ],
            [ 755, 1228, 1232, 1231 ],
            [ 1228, 693, 1229, 1232 ],
            [ 1232, 1229, 636, 1230 ],
            [ 1231, 1232, 1230, 793 ],
            [ 568, 1233, 1234, 1163 ],
            [ 1233, 524, 1066, 1234 ],
            [ 1234, 1066, 125, 126 ],
            [ 1163, 1234, 126, 127 ],
            [ 761, 1235, 1239, 1238 ],
            [ 1235, 834, 1236, 1239 ],
            [ 1239, 1236, 795, 1237 ],
            [ 1238, 1239, 1237, 717 ],
            [ 477, 1117, 1242, 1241 ],
            [ 1117, 571, 1240, 1242 ],
            [ 1242, 1240, 668, 1154 ],
            [ 1241, 1242, 1154, 602 ],
            [ 478, 1243, 1245, 1162 ],
            [ 1243, 669, 1214, 1245 ],
            [ 1245, 1214, 622, 1244 ],
            [ 1162, 1245, 1244, 568 ],
            [ 927, 1246, 1250, 1249 ],
            [ 1246, 909, 1247, 1250 ],
            [ 1250, 1247, 936, 1248 ],
            [ 1249, 1250, 1248, 971 ],
            [ 571, 1183, 1252, 1240 ],
            [ 1183, 502, 1114, 1252 ],
            [ 1252, 1114, 623, 1251 ],
            [ 1240, 1252, 1251, 668 ],
            [ 717, 1253, 1255, 1254 ],
            [ 1253, 756, 1149, 1255 ],
            [ 1255, 1149, 667, 1166 ],
            [ 1254, 1255, 1166, 585 ],
            [ 871, 1256, 1259, 1258 ],
            [ 1256, 768, 1177, 1259 ],
            [ 1259, 1177, 836, 1257 ],
            [ 1258, 1259, 1257, 901 ],
            [ 834, 1260, 1263, 1236 ],
            [ 1260, 902, 1261, 1263 ],
            [ 1263, 1261, 843, 1262 ],
            [ 1236, 1263, 1262, 795 ],
            [ 620, 1264, 1267, 1266 ],
            [ 1264, 565, 1138, 1267 ],
            [ 1267, 1138, 480, 1265 ],
            [ 1266, 1267, 1265, 666 ],
            [ 562, 1268, 1271, 1187 ],
            [ 1268, 618, 1269, 1271 ],
            [ 1271, 1269, 663, 1270 ],
            [ 1187, 1271, 1270, 520 ],
            [ 872, 1272, 1275, 1274 ],
            [ 1272, 905, 1273, 1275 ],
            [ 1275, 1273, 909, 1246 ],
            [ 1274, 1275, 1246, 927 ],
            [ 586, 1276, 1279, 1278 ],
            [ 1276, 621, 1277, 1279 ],
            [ 1279, 1277, 566, 1145 ],
            [ 1278, 1279, 1145, 519 ],
            [ 791, 1280, 1284, 1283 ],
            [ 1280, 776, 1281, 1284 ],
            [ 1284, 1281, 753, 1282 ],
            [ 1283, 1284, 1282, 685 ],
            [ 197, 198, 1288, 1287 ],
            [ 198, 199, 1285, 1288 ],
            [ 1288, 1285, 542, 1286 ],
            [ 1287, 1288, 1286, 482 ],
            [ 621, 1289, 1291, 1277 ],
            [ 1289, 662, 1290, 1291 ],
            [ 1291, 1290, 521, 1196 ],
            [ 1277, 1291, 1196, 566 ],
            [ 836, 1292, 1293, 1257 ],
            [ 1292, 795, 1262, 1293 ],
            [ 1293, 1262, 843, 1203 ],
            [ 1257, 1293, 1203, 901 ],
            [ 926, 1294, 1297, 1296 ],
            [ 1294, 867, 1198, 1297 ],
            [ 1297, 1198, 807, 1295 ],
            [ 1296, 1297, 1295, 900 ],
            [ 731, 1200, 1301, 1300 ],
            [ 1200, 790, 1298, 1301 ],
            [ 1301, 1298, 694, 1299 ],
            [ 1300, 1301, 1299, 639 ],
            [ 647, 1302, 1306, 1305 ],
            [ 1302, 758, 1303, 1306 ],
            [ 1306, 1303, 727, 1304 ],
            [ 1305, 1306, 1304, 713 ],
            [ 624, 1172, 1307, 1107 ],
